1 3
1 11
1 14
1 21
1 102
1 126
1 128
1 342
1 398
1 420
1 493
2 23
2 44
2 51
2 78
2 96
2 122
2 148
2 169
2 181
2 235
2 247
2 850
2 961
3 8
3 11
3 25
3 35
3 50
3 96
3 105
3 144
3 191
3 431
3 447
3 866
3 891
3 938
4 143
4 217
4 227
4 592
4 751
4 759
5 29
5 42
5 49
5 50
5 141
5 149
5 184
5 190
5 201
5 209
5 262
5 874
6 145
6 151
6 163
6 180
6 201
6 303
6 305
7 85
7 137
7 186
7 250
7 274
7 289
7 531
7 906
7 964
8 25
8 94
8 123
8 161
8 248
8 249
8 703
8 968
9 24
9 96
9 158
9 166
9 168
9 172
9 199
9 247
9 490
9 495
9 528
9 855
9 909
9 913
9 962
10 27
10 36
10 136
10 148
10 181
10 232
11 83
11 110
11 130
11 135
11 154
11 204
11 600
12 16
12 64
12 77
12 84
12 154
12 165
12 179
12 238
12 312
12 635
13 16
13 24
13 82
13 135
13 233
13 734
14 26
14 60
14 63
14 67
14 169
14 185
14 229
14 469
14 536
15 27
15 82
15 138
15 245
15 302
16 42
16 99
16 126
16 153
16 188
16 231
16 616
16 878
17 21
17 107
17 120
17 187
17 225
17 443
18 23
18 64
18 74
18 130
18 182
18 221
18 232
18 246
18 329
18 473
18 482
18 650
18 826
19 41
19 46
19 50
19 54
19 82
19 142
19 188
19 192
19 378
20 62
20 103
20 148
20 167
20 171
20 181
20 191
20 197
20 211
20 228
20 897
21 70
21 169
21 241
21 242
21 319
21 715
22 24
22 31
22 36
22 88
22 106
22 127
22 232
22 249
22 262
22 509
23 53
23 132
23 172
23 201
23 208
24 51
24 151
24 153
24 175
24 423
24 457
24 603
25 41
25 54
25 66
25 205
25 235
25 577
26 68
26 69
26 123
26 154
26 196
26 452
26 617
26 860
27 109
27 114
27 129
27 183
27 233
27 817
27 962
28 60
28 110
28 186
28 475
28 509
28 997
29 56
29 70
29 171
29 188
29 190
29 203
29 215
29 243
29 466
29 890
29 999
30 57
30 128
30 130
30 154
30 182
30 411
30 523
31 101
31 112
31 129
31 171
31 176
31 209
31 212
31 235
31 240
31 641
31 765
31 946
32 81
32 85
32 134
32 170
32 197
32 218
32 226
32 229
32 347
32 354
32 485
32 763
33 119
33 152
33 162
33 217
33 810
33 902
33 910
33 972
34 58
34 72
34 95
34 189
34 203
34 237
34 523
34 862
34 942
35 40
35 82
35 113
35 148
35 153
35 191
35 534
35 759
36 57
36 136
36 177
36 194
36 225
36 399
37 61
37 74
37 102
37 199
37 250
37 371
37 692
38 105
38 150
38 195
38 243
38 358
38 920
39 48
39 57
39 82
39 119
39 158
39 160
39 181
39 211
39 246
39 863
40 54
40 148
40 216
40 236
40 258
40 300
40 836
40 885
40 986
41 44
41 46
41 99
41 111
41 149
41 185
41 195
41 209
41 210
41 268
41 663
42 54
42 65
42 125
42 127
42 178
42 211
42 391
43 61
43 91
43 102
43 150
43 158
43 208
43 224
43 371
43 636
44 46
44 50
44 88
44 91
44 228
44 541
45 57
45 87
45 156
45 186
45 541
45 946
46 63
46 132
46 216
46 221
46 223
46 863
46 884
47 60
47 75
47 142
47 165
47 187
47 198
47 212
47 247
47 359
48 99
48 182
48 194
48 197
48 223
48 239
48 742
48 888
48 947
49 63
49 140
49 149
49 170
49 188
49 301
49 505
49 874
50 56
50 103
50 137
50 165
50 173
50 184
50 206
50 212
50 421
51 105
51 119
51 175
51 197
51 350
51 476
51 641
52 73
52 145
52 196
52 214
52 223
52 257
53 61
53 63
53 65
53 83
53 131
53 190
53 381
53 466
53 769
54 100
54 133
54 164
54 250
54 353
54 496
54 945
55 57
55 144
55 146
55 224
55 382
55 461
55 882
55 951
56 70
56 78
56 80
56 153
56 193
56 198
57 149
57 220
57 291
57 365
57 511
58 67
58 95
58 121
58 155
58 156
58 174
58 191
58 226
58 345
58 551
59 68
59 74
59 84
59 106
59 145
59 187
59 190
59 288
59 645
59 742
59 850
60 77
60 87
60 108
60 150
60 153
60 155
60 188
60 199
60 550
60 676
60 854
61 106
61 119
61 153
61 173
61 199
61 221
61 702
62 67
62 73
62 105
62 203
62 234
62 692
63 119
63 187
63 191
63 210
63 240
63 250
63 726
64 98
64 101
64 141
64 226
64 234
64 858
65 143
65 162
65 239
66 74
66 132
66 173
66 228
66 236
66 900
67 98
67 176
67 182
67 336
67 377
68 70
68 189
68 190
68 192
68 233
68 235
68 489
69 84
69 99
69 152
69 223
69 227
69 244
69 294
69 815
69 939
70 115
70 125
70 169
70 226
70 248
70 824
71 72
71 80
71 119
71 135
71 156
71 181
71 469
71 690
71 787
72 92
72 96
72 113
72 124
72 148
72 186
72 211
72 697
72 892
72 949
73 102
73 108
73 228
73 278
73 375
73 834
73 958
74 77
74 96
74 100
74 107
74 268
74 966
75 86
75 93
75 101
75 158
75 181
75 193
75 197
75 212
75 465
75 781
75 835
75 916
76 83
76 120
76 129
76 131
76 164
76 175
76 220
76 227
76 237
76 555
77 107
77 174
77 178
77 233
77 245
77 420
78 172
78 187
78 234
78 247
78 340
78 988
79 172
79 200
79 686
79 871
80 94
80 97
80 110
80 139
80 150
80 157
80 176
80 207
80 220
80 223
80 352
80 877
80 997
81 108
81 127
81 172
81 396
81 511
81 974
82 113
82 121
82 130
82 168
82 172
82 178
82 181
82 235
82 631
82 767
83 102
83 145
83 147
83 232
83 235
83 394
84 105
84 163
84 398
85 142
85 174
85 202
85 212
85 482
85 678
85 782
85 974
86 89
86 189
86 218
86 229
86 234
86 748
87 99
87 138
87 242
87 545
87 716
87 758
87 899
88 154
88 221
88 240
88 475
88 488
88 537
88 547
88 752
88 784
89 91
89 185
89 198
89 205
89 212
89 633
89 710
89 929
90 145
90 155
90 213
90 216
90 217
90 224
90 333
90 375
90 450
90 645
91 134
91 143
91 188
91 193
92 98
92 130
92 146
92 191
92 205
92 635
92 506
93 143
93 241
93 276
94 117
94 146
94 151
94 224
94 744
94 868
95 97
95 122
95 142
95 195
95 648
95 855
96 109
96 118
96 135
96 148
96 161
96 188
96 224
96 455
96 729
97 109
97 116
97 118
97 122
97 130
97 138
97 194
97 199
97 242
97 691
97 887
98 105
98 114
98 119
98 153
98 156
98 243
98 544
98 663
98 674
98 721
99 109
99 127
99 177
99 184
99 190
99 198
99 219
99 228
99 247
99 335
99 342
99 511
99 769
99 943
100 116
100 136
100 209
100 225
100 248
100 317
100 511
101 133
101 145
101 159
101 199
101 241
101 338
101 757
101 833
101 959
101 963
102 136
102 141
102 146
102 148
102 170
102 201
102 350
102 781
103 114
103 193
103 250
104 119
104 138
104 152
104 226
104 238
104 720
104 914
105 139
105 161
105 199
105 213
105 222
105 368
105 742
106 117
106 122
106 128
106 148
106 168
106 197
106 217
106 220
106 239
106 249
106 451
106 760
106 828
106 885
106 895
107 121
107 179
107 224
107 647
107 978
108 162
108 174
108 203
108 238
109 115
109 118
109 123
109 130
109 144
109 210
109 953
109 979
110 120
110 127
110 174
110 194
110 207
110 212
110 215
110 444
110 540
110 790
110 813
110 950
111 127
111 138
111 193
111 210
111 232
111 234
111 776
111 881
111 963
112 187
112 234
112 244
112 318
112 471
112 878
113 137
113 164
113 192
113 209
113 224
113 245
113 530
113 743
113 976
114 129
114 179
116 143
116 185
116 195
116 214
116 245
116 263
116 273
117 166
117 188
117 189
117 213
117 227
117 237
117 247
117 375
117 395
117 982
118 122
118 129
118 176
118 638
119 133
119 154
119 155
119 162
119 199
119 224
119 825
120 126
120 182
120 186
120 573
120 861
120 959
121 159
121 170
121 212
121 223
121 237
121 632
121 752
121 861
122 134
122 140
122 155
122 177
122 197
122 211
122 218
122 420
122 903
123 128
123 153
123 165
123 177
123 250
123 574
123 670
123 501
123 903
124 146
124 147
124 216
124 219
124 237
124 279
124 656
124 991
125 133
125 165
125 173
125 194
125 211
125 227
125 357
125 533
125 634
126 140
126 215
126 570
127 181
127 200
127 201
127 945
128 145
128 150
128 177
128 187
128 227
128 370
128 719
129 134
129 164
129 177
129 236
130 142
130 145
130 212
130 240
130 369
130 412
130 873
131 139
131 141
131 149
131 151
131 232
131 238
131 363
132 178
132 228
132 232
132 242
132 244
133 196
133 203
133 590
133 849
133 956
134 140
134 180
134 192
134 225
135 363
135 902
136 147
136 187
136 221
136 731
136 919
136 926
137 142
137 176
137 205
137 236
137 566
137 599
137 908
138 142
138 171
138 185
138 236
138 238
138 247
138 424
138 726
138 825
139 207
139 213
139 215
139 903
139 909
139 934
140 146
140 149
140 192
140 198
140 204
140 238
140 369
140 622
140 819
140 838
140 980
141 152
141 236
141 600
141 684
142 199
142 237
142 240
142 427
142 874
143 147
143 179
143 194
143 831
144 244
144 488
144 706
144 910
145 156
145 623
145 828
146 207
146 754
146 849
147 299
147 491
147 676
148 216
148 289
148 739
148 925
149 200
149 212
149 221
149 244
149 287
150 158
150 176
150 324
150 438
150 575
151 819
152 167
152 230
152 237
152 241
152 466
152 540
152 547
153 177
153 220
153 240
153 269
153 402
154 209
154 275
154 578
155 178
155 186
155 240
155 925
156 173
156 243
156 556
157 210
157 214
157 224
157 228
157 690
158 208
158 233
158 289
158 555
159 191
159 243
159 464
159 638
159 765
160 195
160 199
160 209
160 232
160 245
161 169
161 192
161 221
161 488
161 536
161 801
161 922
161 961
162 219
162 236
162 439
162 541
162 588
162 996
163 166
163 228
163 239
163 929
164 166
164 241
164 246
165 231
166 167
166 179
166 187
166 236
166 241
166 814
166 885
167 209
167 216
168 193
168 246
168 247
169 242
169 250
169 864
170 247
170 533
170 600
170 636
171 210
171 216
171 340
172 196
172 213
172 919
173 179
173 188
173 217
173 221
173 249
173 594
173 681
173 958
174 180
174 245
174 887
175 232
175 242
175 407
175 414
175 489
175 625
176 188
176 245
176 401
176 641
176 942
177 658
178 229
178 231
178 557
178 774
178 904
179 237
180 185
180 198
180 207
180 230
180 253
180 318
180 696
180 919
181 250
181 527
182 204
182 229
183 207
183 221
183 227
184 201
184 214
184 218
184 219
184 364
184 776
184 866
185 210
185 451
185 862
186 193
186 222
187 188
187 191
187 204
187 238
187 239
187 537
187 549
187 871
188 206
188 389
188 736
188 1000
189 206
190 202
190 225
190 811
191 235
191 474
192 241
192 665
192 732
192 984
193 213
193 414
193 810
193 918
194 198
194 210
194 231
194 424
194 483
194 591
194 710
194 915
195 209
195 235
195 317
195 346
195 618
196 206
196 236
196 278
196 367
196 566
196 695
196 902
197 237
197 456
197 518
197 568
197 596
197 502
198 223
198 227
198 377
198 692
198 772
199 217
199 218
199 493
199 693
199 890
200 710
200 926
201 233
201 250
201 518
201 724
202 227
202 416
203 546
203 763
204 218
204 236
205 928
206 226
206 536
206 809
206 894
206 909
207 487
207 610
208 630
208 866
209 228
209 229
209 235
209 844
210 221
210 308
210 470
211 214
211 220
212 235
212 252
212 267
212 341
212 730
212 818
213 228
213 648
213 762
214 234
214 245
214 352
214 386
214 634
214 735
214 746
214 815
214 868
215 365
215 582
215 795
216 238
216 247
216 957
217 237
217 243
217 412
217 559
217 649
218 790
219 249
219 300
219 348
219 805
219 992
220 227
220 254
220 499
221 229
221 240
221 286
221 396
221 538
222 224
222 842
223 235
223 241
224 238
224 343
224 741
225 232
225 778
225 960
226 594
227 682
227 746
228 414
229 790
229 937
230 243
230 911
231 571
232 235
232 269
232 442
232 645
232 733
232 775
232 799
232 877
233 816
234 246
234 994
235 317
235 356
235 538
235 649
235 853
235 910
236 249
236 988
237 831
237 976
238 245
238 261
239 315
239 492
239 518
239 695
239 697
239 860
239 872
239 995
240 246
240 980
241 249
241 407
241 480
241 523
241 670
241 973
242 780
244 264
245 273
245 876
246 444
246 611
247 462
247 474
247 530
247 598
247 707
247 776
248 249
250 345
250 892
251 294
251 304
251 353
251 433
251 497
251 737
252 260
252 271
252 296
252 342
252 369
252 371
252 476
252 487
252 491
252 829
253 255
253 271
253 385
253 426
253 441
253 459
253 470
254 282
254 299
254 300
254 394
254 416
254 418
254 491
255 268
255 269
255 307
255 328
255 363
255 366
255 392
255 394
255 399
255 403
255 408
255 755
256 262
256 294
256 306
256 309
256 336
256 403
256 409
257 261
257 337
257 400
257 411
257 413
257 416
257 533
257 618
258 262
258 300
258 319
258 368
258 395
258 412
258 438
258 573
258 780
259 302
259 307
259 319
259 331
259 340
259 341
259 391
259 417
259 429
259 437
259 454
259 480
259 831
260 293
260 316
260 330
260 395
260 472
261 274
261 380
261 395
261 401
261 414
261 863
262 364
262 365
262 367
262 370
262 467
262 695
262 737
262 779
263 345
263 355
263 382
263 399
263 402
263 438
263 763
264 317
264 332
264 349
264 357
264 376
264 406
264 413
264 414
264 488
264 497
264 710
264 975
265 272
265 311
265 371
265 433
265 476
265 487
265 990
266 345
266 356
266 358
266 371
266 391
266 401
266 483
266 485
266 495
267 270
267 287
267 303
267 328
267 497
267 547
268 331
268 367
268 399
268 422
268 459
268 463
268 516
268 585
269 280
269 305
269 331
269 332
269 343
269 346
269 369
269 415
269 455
269 591
270 276
270 280
270 284
270 451
270 454
270 475
270 477
270 675
271 295
271 346
271 385
271 482
271 485
271 571
271 680
272 288
272 301
272 306
272 307
272 355
272 357
272 360
272 371
272 435
272 497
272 693
272 783
272 918
273 292
273 302
273 342
273 354
273 370
273 409
273 417
273 431
273 440
273 463
273 778
274 286
274 305
274 393
274 404
274 430
274 438
274 497
274 894
275 287
275 299
275 327
275 396
275 400
275 407
275 469
275 574
275 790
275 857
276 307
276 310
276 395
276 405
276 412
276 425
276 497
276 553
276 615
276 899
276 949
277 291
277 305
277 337
277 403
277 429
277 480
277 524
278 338
278 350
278 404
278 870
279 287
279 294
279 298
279 310
279 336
279 339
279 421
279 463
279 803
280 304
280 383
280 389
281 282
281 297
281 298
281 317
281 344
281 450
281 474
281 497
281 890
281 964
282 311
282 371
282 437
282 475
282 478
282 483
282 603
283 291
283 315
283 319
283 401
283 416
283 417
283 447
283 474
283 490
283 643
283 679
283 804
284 290
284 326
284 375
284 409
284 450
284 465
284 576
284 713
284 923
285 327
285 395
285 442
285 457
285 748
285 758
285 804
286 321
286 369
286 379
286 430
286 473
286 496
286 540
287 304
287 309
287 353
287 432
287 478
287 482
287 488
287 858
287 928
287 978
288 311
288 337
288 355
288 376
288 379
288 401
288 409
288 421
288 446
288 525
288 534
288 560
289 309
289 335
289 341
289 344
289 398
289 416
289 426
289 494
290 313
290 343
290 345
290 352
290 386
290 391
290 458
290 479
290 862
291 306
291 320
291 341
291 344
291 350
291 360
291 361
291 414
291 431
291 481
291 495
292 322
292 325
292 371
292 434
292 457
292 556
293 303
293 318
293 335
293 339
293 345
293 369
293 373
293 420
294 369
294 384
294 428
294 456
294 457
294 460
294 463
294 476
294 688
295 418
295 432
295 566
295 789
295 842
296 342
296 362
296 375
296 376
296 394
296 467
296 477
296 552
297 303
297 312
297 350
297 428
297 438
297 467
297 476
297 598
297 898
297 907
298 326
298 359
298 401
298 409
298 448
298 450
298 464
298 611
298 685
298 760
298 794
298 903
299 333
299 382
299 385
299 387
299 404
299 409
299 422
299 449
299 466
299 488
299 705
300 360
300 399
300 475
301 330
301 367
301 372
301 374
301 380
301 400
301 443
301 482
301 689
301 817
301 860
301 958
302 333
302 350
302 396
302 424
302 446
302 462
302 604
303 325
303 334
303 360
303 369
303 404
303 424
303 447
303 544
303 880
304 305
304 306
304 347
304 349
304 357
304 369
304 373
304 416
304 427
304 467
304 485
304 487
304 662
304 706
304 792
305 320
305 326
305 379
305 432
305 497
305 585
305 705
306 348
306 353
306 399
306 426
306 448
306 500
306 609
307 380
307 461
307 496
307 642
307 702
307 792
307 890
308 327
308 364
308 383
308 393
308 401
308 441
308 479
308 658
309 310
309 318
309 330
309 379
309 413
309 427
309 490
309 584
309 777
310 318
310 336
310 422
310 485
310 495
310 496
311 372
311 411
312 326
312 408
312 412
312 416
312 473
312 566
313 323
313 333
313 348
313 427
313 431
313 741
313 882
314 324
314 332
314 376
314 489
314 603
315 326
315 327
315 352
315 433
315 445
315 478
315 488
316 319
316 342
316 343
316 377
316 478
316 490
316 689
316 736
317 378
317 391
317 417
317 419
317 442
317 448
317 482
317 486
317 491
317 713
317 895
317 954
318 336
318 354
318 395
318 448
318 647
318 837
319 399
319 587
319 774
320 355
320 397
320 485
320 495
321 385
321 386
321 419
321 454
321 460
321 470
321 476
321 478
321 479
321 560
321 583
321 626
321 507
321 991
322 323
322 377
322 394
322 395
322 411
322 878
323 340
323 354
323 378
323 473
323 477
323 688
323 760
323 936
324 327
324 438
324 445
324 472
325 333
325 340
325 358
325 368
325 393
325 399
325 464
326 384
326 401
326 440
326 456
326 582
326 616
327 360
327 404
327 450
327 454
327 465
327 496
327 863
328 337
328 355
328 370
328 430
328 495
328 557
328 633
328 801
329 337
329 347
329 363
329 393
329 415
329 423
329 424
329 463
329 483
329 582
330 354
330 373
330 378
330 427
330 453
330 462
330 585
330 740
331 493
332 345
332 346
332 381
332 389
332 390
332 391
332 447
332 452
332 539
332 869
333 391
333 405
333 410
333 489
333 496
333 585
333 891
334 353
334 472
334 493
334 884
334 991
335 346
335 363
335 378
335 404
335 453
335 465
335 468
335 899
335 932
336 342
336 354
336 416
336 459
336 476
336 491
336 492
336 529
336 737
336 871
336 897
337 384
337 445
337 744
338 347
338 348
338 355
338 460
338 592
338 929
339 347
339 364
339 369
339 461
339 474
339 489
340 367
340 388
340 496
340 835
341 395
341 463
341 486
341 631
341 916
342 381
342 440
342 446
342 487
343 367
343 380
343 386
343 388
343 407
343 432
343 438
343 469
343 470
343 472
344 354
344 400
344 446
344 450
344 943
345 391
345 406
345 419
345 465
345 490
346 357
346 392
346 460
346 678
347 377
347 384
347 411
347 412
347 442
347 491
347 614
348 461
348 486
348 489
348 497
349 363
349 386
349 435
350 417
350 424
350 449
350 461
350 486
351 369
351 377
351 398
351 405
351 439
351 466
351 483
351 552
351 609
351 891
352 353
352 397
352 477
352 607
352 753
352 794
352 853
353 365
353 377
353 475
353 628
353 658
353 868
353 995
354 359
354 399
354 417
354 684
355 356
355 376
355 411
355 425
355 437
355 463
356 371
356 373
356 409
356 443
356 457
356 490
356 492
356 499
356 562
356 697
356 822
357 360
357 461
357 464
357 521
357 560
357 726
357 731
357 978
358 419
358 428
358 446
359 367
359 375
359 409
359 444
359 489
359 496
359 599
360 371
360 375
360 407
360 427
360 453
361 362
361 375
361 401
361 407
361 437
361 496
361 699
361 894
361 989
362 395
362 429
362 439
362 442
362 443
362 449
362 922
363 415
363 429
363 454
363 460
363 484
363 838
363 915
364 380
364 383
364 409
364 430
364 774
364 921
365 417
365 748
365 760
366 386
366 396
366 406
366 472
366 767
367 373
367 379
367 461
367 690
368 442
368 461
368 582
368 915
368 931
369 381
369 471
369 495
369 534
369 604
370 416
370 425
370 864
370 894
371 375
371 425
371 482
371 486
371 489
371 917
372 375
372 396
372 439
372 481
372 731
373 384
373 434
373 483
373 500
373 939
374 377
374 419
374 449
374 459
374 464
374 549
375 404
375 417
375 437
375 533
375 663
375 713
375 732
375 504
376 387
376 481
376 484
376 485
376 497
376 646
377 393
377 422
377 442
377 467
377 475
377 485
377 495
377 499
378 409
378 486
378 491
378 636
379 633
379 709
380 400
380 450
380 458
380 486
381 391
381 430
381 456
382 392
382 398
382 436
382 494
382 549
382 609
382 684
382 762
382 801
383 402
383 406
383 416
383 437
383 457
384 416
384 423
384 940
384 963
385 816
386 395
386 398
386 405
386 429
386 447
386 462
386 488
386 807
387 400
387 409
387 483
387 620
387 640
387 754
388 397
388 426
388 430
388 468
388 745
389 399
389 417
389 437
389 470
389 475
389 617
390 472
390 874
391 433
391 487
391 488
391 802
391 931
392 462
392 464
392 571
392 658
393 416
393 441
393 478
393 486
393 494
393 528
394 428
394 440
394 477
394 485
394 489
394 845
395 452
395 763
396 411
396 474
396 644
396 669
397 448
397 453
398 435
398 475
398 490
399 402
399 443
399 469
399 481
399 490
399 954
400 425
400 444
400 458
400 468
400 480
400 777
401 405
401 420
401 429
401 452
401 583
401 504
401 829
402 417
402 467
402 492
402 672
402 802
403 459
403 475
404 413
404 461
404 467
404 503
404 760
404 815
405 553
405 977
406 414
406 484
406 517
406 523
406 592
406 937
406 955
407 435
407 452
407 458
407 558
407 574
408 426
408 445
408 450
408 456
408 494
408 855
408 993
409 453
409 471
409 767
410 414
410 415
410 454
410 612
410 739
411 427
411 434
411 458
411 819
411 826
412 419
412 436
412 449
412 496
412 799
412 905
413 469
414 435
414 450
414 516
414 953
415 420
416 472
416 479
416 491
416 569
417 472
417 497
417 692
418 493
418 660
418 765
418 812
419 435
419 472
419 480
419 673
419 721
419 897
420 423
420 438
420 499
420 753
421 468
422 446
422 468
422 473
422 474
422 824
423 428
423 441
423 458
423 474
423 475
423 540
423 578
423 767
424 425
424 468
424 769
425 428
425 441
425 899
425 977
426 433
426 499
426 622
426 756
427 433
427 894
428 435
428 463
428 471
428 493
428 495
429 892
430 471
430 494
430 571
430 697
431 434
431 445
431 484
431 558
431 616
431 919
431 951
432 455
432 474
432 475
432 494
432 548
433 455
433 522
433 688
434 472
434 474
434 478
434 603
434 632
434 935
435 783
435 807
436 457
436 480
436 628
437 518
438 442
438 444
438 458
438 480
438 645
438 908
439 491
439 947
440 460
440 519
441 465
441 471
441 698
442 470
442 511
442 758
442 802
442 810
442 918
443 450
443 536
443 696
443 826
444 452
444 484
444 492
445 498
445 515
445 579
445 618
445 727
446 492
446 500
447 494
447 949
448 473
448 478
448 494
448 498
449 492
449 743
449 859
450 472
450 473
450 488
450 890
450 943
450 953
451 464
452 454
452 461
452 468
452 545
452 770
452 797
453 566
453 819
454 462
454 468
454 629
454 973
455 470
455 634
455 681
455 690
455 975
456 474
456 489
457 469
457 477
457 546
457 570
457 639
457 890
457 975
457 1000
458 608
458 816
458 909
459 726
460 598
460 661
461 491
461 526
461 547
461 626
461 898
462 475
462 494
462 611
462 656
462 894
463 480
463 803
464 476
464 478
464 483
464 496
464 651
464 738
464 796
464 879
465 469
465 479
465 702
465 868
466 468
466 749
466 786
467 489
468 661
468 720
469 484
470 618
471 804
471 879
472 561
472 646
472 824
473 741
473 955
474 825
475 485
475 578
476 483
476 677
476 936
477 951
478 496
478 678
480 492
480 500
480 949
481 482
482 487
482 489
482 606
482 791
482 824
483 485
483 810
483 928
484 933
485 787
486 647
487 497
487 816
487 909
489 562
490 609
490 989
490 990
491 642
492 586
492 703
492 967
494 499
494 500
494 594
494 616
495 615
496 635
497 828
500 517
500 733
500 746
513 570
513 587
513 592
513 598
513 660
513 681
513 703
513 725
514 589
514 638
514 646
514 669
514 743
514 750
514 960
515 537
515 542
515 554
515 568
515 575
515 688
515 714
515 738
515 894
516 518
516 642
516 684
516 710
516 817
516 917
516 960
517 543
517 551
517 603
517 614
517 623
517 636
517 697
518 540
518 561
518 588
518 613
518 629
518 674
518 683
518 686
518 728
519 545
519 567
519 585
519 593
519 616
519 665
519 695
519 730
519 735
519 738
519 750
519 823
520 533
520 576
520 637
520 648
520 655
520 658
520 698
520 702
520 714
520 723
520 747
520 749
521 538
521 596
521 641
521 668
521 669
521 707
521 712
521 721
521 753
522 542
522 553
522 562
522 574
522 633
522 666
522 686
522 736
522 512
523 532
523 550
523 609
523 629
523 697
523 726
523 734
523 774
524 544
524 557
524 612
524 630
524 651
524 652
524 656
524 663
524 727
524 503
524 831
524 974
525 562
525 590
526 534
526 569
526 611
527 540
527 558
527 563
527 585
527 606
527 641
527 651
527 658
527 720
527 725
527 506
527 508
527 907
528 644
528 665
528 691
528 701
528 714
528 987
529 538
529 546
529 597
529 602
529 612
529 615
529 620
529 663
529 664
529 667
529 671
529 672
529 675
529 691
529 697
529 724
529 813
530 540
530 599
530 602
530 626
530 686
530 714
530 950
531 614
531 667
531 673
531 675
531 722
531 724
532 560
532 579
532 606
532 614
532 619
532 664
532 715
532 724
532 510
532 821
532 914
533 555
533 571
533 585
533 618
533 624
533 631
533 635
533 692
533 734
533 739
533 511
534 552
534 553
534 597
534 618
534 647
534 668
534 669
534 699
534 713
534 730
534 736
534 763
534 766
535 548
535 623
535 689
536 559
536 560
536 573
536 592
536 659
536 667
536 979
537 545
537 549
537 571
537 573
537 642
537 655
537 674
537 796
537 855
538 607
538 613
538 621
538 646
538 702
538 729
538 743
538 984
539 560
539 566
539 567
539 631
539 688
539 744
540 541
540 559
540 564
540 608
540 715
540 729
540 744
540 905
541 554
541 602
541 635
541 642
541 649
541 677
541 744
542 579
542 613
542 615
542 618
542 659
542 668
542 708
542 737
542 742
543 561
543 570
543 594
543 600
543 613
543 707
543 962
544 559
544 569
544 572
544 594
544 619
544 632
544 878
545 549
545 622
545 636
545 656
545 706
545 509
545 960
545 988
546 698
546 701
546 749
546 504
546 508
546 955
547 584
547 634
547 638
547 640
547 682
547 722
547 855
548 572
548 585
548 633
548 671
548 727
548 505
548 772
549 559
549 568
549 590
549 593
549 649
549 691
549 511
549 998
549 1000
550 580
550 639
550 659
550 720
550 741
550 995
551 598
551 625
551 626
551 677
551 679
552 573
552 578
552 594
552 599
552 619
552 625
552 684
552 504
553 556
553 558
553 561
553 567
553 579
553 636
553 650
553 658
553 725
553 834
553 883
554 600
554 630
554 632
554 695
554 703
554 736
554 740
554 504
555 586
555 587
555 604
555 643
555 647
555 696
555 699
555 505
556 559
556 584
556 605
556 658
556 661
556 690
556 706
557 613
557 652
557 680
557 716
557 918
558 565
558 596
558 625
559 570
559 618
559 630
559 656
559 677
559 693
559 736
560 567
560 577
560 588
560 627
560 662
560 684
560 502
560 761
560 794
561 630
561 643
561 648
561 743
561 880
562 575
562 584
562 671
562 680
562 721
562 722
562 924
563 573
563 600
563 639
563 652
563 664
563 678
564 565
564 618
564 648
564 656
564 747
564 750
564 896
565 572
565 591
565 598
565 614
565 615
565 626
565 737
566 570
566 583
566 592
566 616
566 646
566 699
566 732
566 738
567 568
567 644
567 700
567 704
567 718
568 573
568 585
568 607
568 676
568 677
568 724
568 837
568 868
569 570
569 579
569 598
569 641
569 668
569 700
569 713
569 725
570 625
570 659
570 858
570 913
570 932
571 656
571 661
571 686
571 741
572 577
572 618
573 590
573 604
573 509
573 894
574 597
574 606
574 609
574 665
574 683
574 511
575 580
575 681
575 974
576 602
576 615
576 639
576 663
576 681
576 694
576 711
576 723
576 791
576 833
577 634
577 651
577 725
577 506
578 603
578 644
578 676
578 702
578 711
579 656
579 679
579 714
579 502
579 939
579 993
580 595
580 597
580 618
580 657
580 666
580 679
580 688
580 717
580 746
580 987
581 652
581 729
581 750
581 936
582 655
582 729
582 741
582 847
583 670
583 705
583 721
583 504
583 507
584 586
584 593
584 606
584 635
584 669
584 746
585 701
586 588
586 602
586 744
587 619
587 662
587 699
587 717
588 590
588 605
588 664
588 689
588 815
588 935
589 668
589 675
589 684
589 744
589 511
589 771
590 593
590 629
590 656
590 673
590 692
590 715
591 600
591 613
591 623
591 635
591 644
591 663
591 677
591 694
592 603
592 638
592 647
592 686
592 725
592 884
593 601
593 615
593 648
593 654
593 670
593 711
593 714
593 747
593 827
593 911
594 621
594 641
594 644
594 685
594 814
594 885
595 730
596 668
596 686
596 692
596 704
596 716
597 613
597 645
597 703
597 705
597 715
598 663
598 692
598 704
598 746
598 869
599 606
599 650
599 716
599 725
599 731
599 888
599 902
600 689
600 714
600 719
600 746
600 769
601 607
601 624
601 625
601 646
601 666
601 710
601 712
601 507
602 675
602 710
602 820
603 658
603 672
603 686
603 713
603 735
604 616
604 664
604 738
604 510
605 650
605 663
605 745
606 644
606 705
606 713
606 749
607 616
607 656
607 699
607 730
607 856
608 615
608 636
608 676
609 658
609 663
610 631
610 632
610 635
610 688
610 696
611 687
611 693
611 701
612 635
612 743
612 987
613 651
613 658
613 718
614 625
614 705
614 710
615 674
615 913
616 622
616 627
616 634
616 735
616 741
616 509
617 734
617 502
617 836
618 677
618 678
618 682
618 870
618 952
619 648
619 696
619 706
619 745
619 821
619 849
620 640
620 685
620 720
620 745
620 504
620 509
621 653
621 667
621 510
621 817
622 681
622 693
622 724
622 728
622 732
623 639
623 643
623 658
623 681
623 887
624 650
624 664
624 690
624 723
624 732
624 744
625 683
625 712
626 634
626 719
626 724
626 730
626 742
627 676
627 695
627 732
627 743
627 766
627 767
628 637
628 658
628 689
628 690
628 718
628 742
628 507
628 943
629 631
629 695
629 700
629 722
629 970
630 681
630 709
630 749
630 803
631 664
631 693
631 714
631 722
631 749
632 645
632 668
632 512
633 657
633 678
634 650
634 661
634 506
635 636
635 658
635 665
635 682
635 685
636 639
636 642
636 651
636 661
636 690
636 728
636 820
636 993
637 674
637 692
637 741
637 883
638 671
638 705
638 717
638 867
638 991
639 723
639 738
639 876
640 645
640 688
640 705
640 713
640 730
640 501
641 667
641 668
641 709
641 728
641 730
641 736
642 660
642 712
642 741
642 884
643 672
643 676
643 677
643 502
643 512
644 692
644 710
644 722
644 887
645 670
646 648
646 656
646 674
646 708
646 770
646 876
646 979
647 688
647 699
647 745
647 746
647 935
648 713
648 716
648 745
649 660
649 661
649 724
650 696
650 721
650 907
651 696
651 712
651 715
651 736
651 507
651 931
652 723
653 668
653 670
653 712
653 740
654 688
654 733
654 882
655 671
655 673
655 709
655 926
656 685
656 694
656 695
656 698
656 739
656 505
656 510
656 511
657 658
657 673
657 743
657 504
657 973
657 980
658 720
658 741
659 696
659 710
659 722
660 705
660 712
660 718
660 729
661 668
661 672
661 679
661 698
661 706
661 743
661 509
661 768
662 696
662 703
662 707
662 887
663 670
663 672
663 680
663 701
663 707
663 502
663 857
664 693
664 701
664 750
664 502
665 677
665 714
666 690
666 696
666 714
666 741
666 744
666 512
667 683
667 693
667 713
668 694
668 706
668 710
669 679
669 502
669 512
670 693
670 726
670 509
670 766
670 853
671 719
671 720
671 737
671 748
671 504
671 510
672 694
672 711
672 738
672 749
672 503
672 780
672 786
672 828
672 895
673 696
673 740
674 703
674 717
674 906
675 684
675 900
676 749
676 750
676 785
677 690
677 720
677 501
677 768
678 740
678 509
679 693
680 698
680 511
681 698
681 713
681 749
681 509
681 785
681 938
682 511
683 714
683 745
684 724
684 901
684 967
685 726
685 749
686 508
687 708
687 721
688 703
688 723
688 503
688 505
689 743
689 912
689 913
690 736
691 716
691 738
691 772
692 705
693 744
694 714
694 732
695 736
695 937
696 734
696 853
697 814
697 920
698 700
698 713
699 703
699 726
699 503
700 742
700 759
701 714
701 717
701 743
701 824
702 507
703 927
704 726
704 510
704 977
705 507
706 740
706 864
706 921
707 736
707 504
708 503
708 508
709 745
711 734
711 785
712 954
713 738
713 502
714 738
714 743
715 847
716 746
716 939
718 507
718 973
719 927
720 727
721 745
721 511
721 759
721 839
722 502
722 867
722 904
722 927
723 728
723 730
723 939
725 820
725 884
726 730
726 882
727 731
727 506
727 852
728 509
728 938
729 829
729 923
731 829
732 748
733 749
733 506
734 745
734 980
734 985
735 740
735 884
735 961
736 507
736 775
736 898
737 743
737 905
738 501
738 877
740 747
740 868
740 884
742 870
742 995
745 746
745 747
745 512
747 875
748 506
750 502
750 510
750 972
501 810
503 512
503 905
504 510
505 853
509 971
511 857
751 863
751 880
751 896
751 931
751 980
751 983
752 785
752 822
752 878
752 911
752 928
753 765
753 798
753 890
754 761
754 783
754 872
754 873
754 890
754 892
754 925
754 948
754 969
754 984
754 987
755 791
755 799
755 836
755 874
755 902
755 916
755 988
755 993
756 762
756 815
756 880
756 895
756 943
756 982
756 983
756 995
756 996
757 811
757 812
757 830
757 838
757 842
757 901
757 914
757 962
757 979
758 792
758 925
758 934
758 943
758 949
758 993
758 998
759 801
759 808
759 830
759 835
759 855
759 873
759 923
760 792
760 807
760 901
760 926
760 942
760 985
760 993
760 996
761 805
761 868
761 946
761 998
761 1000
762 819
762 945
762 965
762 978
763 833
763 894
763 898
764 775
764 788
764 801
764 806
764 828
764 835
764 862
764 895
764 902
764 912
764 927
764 974
764 992
765 771
765 778
765 844
765 847
765 900
765 928
765 963
766 802
766 808
766 811
766 818
766 871
766 891
766 901
766 902
766 942
767 776
767 804
767 821
767 875
767 893
767 959
767 982
768 791
768 888
768 899
768 902
768 908
768 948
768 985
769 839
769 846
769 869
769 925
769 953
770 780
770 856
770 869
770 922
770 926
770 975
770 979
770 992
770 997
771 799
771 813
771 815
771 816
771 820
771 850
771 851
771 859
771 868
771 876
771 877
771 980
772 781
772 799
772 816
772 887
772 894
772 913
772 925
772 933
772 969
772 976
772 991
772 993
773 786
773 885
773 928
773 933
773 976
774 797
774 840
774 851
774 886
774 901
774 920
774 931
774 975
774 993
775 790
775 798
775 955
775 963
776 777
776 782
776 803
776 899
776 914
776 976
776 979
777 779
777 884
777 892
777 910
777 934
777 945
778 797
778 809
778 998
778 1000
779 802
779 839
779 852
779 853
779 981
779 987
780 822
780 834
780 840
780 846
780 854
780 873
780 921
780 923
780 966
780 989
781 882
782 814
782 818
782 883
782 903
782 926
782 957
782 993
782 994
783 796
783 822
783 857
783 867
783 877
783 905
783 908
783 923
783 955
783 966
783 973
784 803
784 850
784 863
784 904
785 898
785 912
785 948
785 954
785 974
786 792
786 796
786 800
786 817
786 821
786 873
786 880
786 978
787 844
787 899
787 973
787 982
788 797
788 810
788 845
788 922
789 822
789 953
789 975
789 985
790 888
790 940
790 959
790 977
791 807
791 862
791 871
791 982
792 802
792 850
792 853
792 908
792 919
792 982
792 987
792 996
793 907
793 951
793 953
793 992
794 806
794 813
794 825
794 867
794 891
794 952
794 981
795 797
795 866
795 923
795 964
795 979
796 819
796 822
796 827
796 889
796 909
796 958
796 985
797 854
797 861
797 864
797 924
797 942
797 962
797 976
798 854
798 860
798 900
798 935
798 941
798 954
799 816
799 830
799 832
799 924
799 931
799 946
799 1000
800 805
800 809
800 885
800 923
800 924
800 940
800 970
801 803
801 952
801 965
801 972
801 979
801 985
802 807
802 852
802 886
802 893
802 932
802 969
803 808
803 837
803 846
803 847
803 875
803 884
803 952
804 839
804 843
804 845
804 850
804 858
804 876
804 887
804 892
804 946
804 951
805 815
806 868
806 972
807 814
807 842
807 874
807 894
807 936
807 957
807 963
808 857
808 888
808 906
808 915
808 923
809 828
809 849
809 875
809 969
809 993
810 925
810 934
810 965
810 1000
811 835
811 902
811 970
812 837
812 841
812 868
812 926
812 949
813 818
813 906
813 937
813 984
813 989
814 869
814 914
814 924
814 948
814 953
814 962
814 965
815 868
815 974
816 933
816 985
817 903
817 934
817 957
817 979
818 829
818 832
818 853
818 908
819 878
819 891
819 922
819 924
819 959
820 837
820 858
820 896
820 898
820 913
820 930
820 933
820 947
820 951
820 954
820 973
820 996
821 912
821 929
821 974
822 824
822 901
822 902
823 885
823 981
824 826
824 855
824 870
824 906
824 927
824 974
824 975
824 998
825 858
825 870
825 877
825 883
825 895
825 940
825 951
826 848
826 875
826 911
826 943
826 964
826 970
827 846
827 848
827 859
827 901
827 924
827 930
827 972
827 990
828 835
828 929
828 976
829 843
829 850
829 858
829 867
829 915
829 942
829 945
829 959
830 855
830 885
830 888
831 844
831 849
831 857
831 908
831 923
831 928
831 959
831 966
831 989
832 891
832 931
832 951
832 974
833 852
833 875
833 879
833 960
834 836
834 862
834 941
835 844
835 866
835 894
835 930
836 881
836 889
836 934
836 996
837 861
837 862
837 922
837 937
837 950
837 977
837 1000
838 868
838 870
838 875
838 962
839 872
839 897
839 927
839 968
840 894
840 914
840 984
841 881
841 956
842 966
842 967
843 865
843 939
843 987
844 927
844 931
844 951
844 972
844 974
844 990
845 874
845 901
845 917
845 937
846 900
846 906
846 914
846 923
846 949
846 964
847 874
847 901
847 907
847 912
847 917
847 979
848 871
848 932
848 936
848 1000
849 901
849 946
849 970
849 989
850 953
850 967
850 979
851 899
851 926
851 930
852 861
852 867
852 901
852 974
852 986
852 990
853 879
853 891
853 959
853 963
854 901
854 973
855 872
855 874
855 884
855 914
855 930
855 973
855 982
856 894
856 918
856 925
856 996
856 997
857 964
858 994
858 996
859 883
859 941
859 948
859 954
859 980
860 921
860 941
860 945
860 964
860 988
861 863
861 875
861 881
861 908
861 912
861 917
861 924
861 980
862 901
862 915
862 931
862 934
862 945
862 953
862 961
863 934
863 966
863 993
864 890
864 900
864 971
866 878
866 969
867 902
867 948
867 952
867 968
867 976
868 890
868 943
868 994
869 898
869 916
869 979
870 969
870 970
870 986
871 873
871 924
871 944
871 976
872 902
872 935
872 959
873 898
873 937
873 954
873 989
874 889
874 899
874 919
874 923
874 931
874 952
874 981
874 987
875 943
875 971
876 881
876 898
876 914
876 924
876 969
876 973
877 887
877 914
877 916
877 946
877 973
878 918
878 940
878 995
879 906
879 929
879 991
880 888
880 982
881 900
881 909
881 973
881 982
881 985
882 909
882 910
882 935
883 895
883 902
883 936
883 970
883 996
884 930
884 973
885 917
885 920
885 928
885 932
885 951
885 970
885 972
886 934
886 999
887 944
887 946
887 953
887 977
888 929
888 939
888 946
889 907
890 909
890 948
890 981
891 898
891 912
891 961
891 969
893 909
894 926
894 935
894 982
896 968
896 969
897 906
897 973
898 917
899 919
899 923
899 937
899 961
900 913
900 944
900 949
900 960
900 971
901 902
901 913
901 965
901 979
901 986
901 993
902 905
902 911
902 948
902 965
903 913
903 970
903 972
903 984
904 970
904 983
905 918
906 910
906 926
906 953
906 985
907 933
907 946
908 981
909 915
909 930
909 993
910 934
910 963
911 927
911 957
911 979
911 995
912 955
912 956
912 967
913 949
913 966
913 971
913 988
914 934
914 946
914 969
915 943
915 964
915 977
915 978
915 980
916 926
916 936
916 940
918 922
918 937
919 946
919 959
920 943
920 953
920 995
921 936
922 936
922 942
922 976
923 960
923 994
923 999
924 943
924 958
924 976
925 926
925 961
926 933
926 935
926 963
927 974
929 932
931 994
933 967
934 976
935 946
936 994
938 961
938 979
939 993
940 947
940 963
940 970
940 988
941 954
941 997
942 964
942 996
943 961
943 990
944 954
944 963
944 992
945 960
945 971
947 955
947 980
948 950
948 997
949 961
949 970
949 984
951 974
951 982
952 998
953 967
954 982
954 987
954 991
955 972
958 992
958 994
959 962
959 967
959 977
961 970
961 995
962 967
964 988
964 1000
965 981
967 992
967 996
968 998
970 994
970 998
971 995
976 977
976 983
976 984
976 988
976 990
979 985
984 988
985 988
989 990
